1910005309270100000013191000530927010000002100011
1910005309270100000024191000530927010000065800011
1910005309270100000025191000530927010000066600011
1910005309270100000057191000530927010000095500011
1910005309270100000058191000530927010000096300011
1910005309270100000059191000530927010000097100011
1910005309270100000075191000530927010000111000011
1910005309270100000076191000530927010000112800011
1910005309270100000077191000530927010000113600011
1910005309270100000078191000530927010000114400011
1910005309270100000079191000530927010000115100011
1910005309270100000543191000530927010000506100011
1910005309270100000544191000530927010000507900011
1910005309270100000545191000530927010000508700011
1910005309270100000546191000530927010000509500011
1910005309270100000547191000530927010000510300011
1910005309270100000548191000530927010000511100011
1910005309270100000549191000530927010000512900011
1910005309270100000550191000530927010000513700011
1910005309270100000551191000530927010000514500011
1910005309270100000552191000530927010000515200011
1910005309270100000553191000530927010000516000011
1910005309270100000554191000530927010000517800011
1910005309270100000555191000530927010000518600011
1910005309270100000556191000530927010000519400011
1910005309270100000557191000530927010000520200011
1910005309270100000558191000530927010000521000011
1910005309270100000560191000530927010000522800011
1910005309270100000561191000530927010000523600011
1910005309270100000562191000530927010000524400011
1910005309270100000563191000530927010000525100011
1910005309270100000564191000530927010000526900011
1910005309270100000565191000530927010000527700011
1910005309270100000566191000530927010000528500011
1910005309270100000568191000530927010000529300011
1910005309270100000569191000530927010000530100011
1910005309270100000570191000530927010000531900011
1910005309270100000624191000530927010000580600011
1910005309270100000626191000530927010000581400011
1910005309270100000627191000530927010000582200011
1910005309270100000628191000530927010000583000011
1910005309270100000629191000530927010000584800011
1910005309270100000630191000530927010000585500011
1910005309270100000631191000530927010000586300011
1910005309270100000632191000530927010000587100011
1910005309270100000634191000530927010000588900011
1910005309270100000635191000530927010000589700011
1910005309270100000636191000530927010000590500011
1910005309270100000637191000530927010000591300011
1910005309270100000645191000530927010000595400011
1910005309270100000646191000530927010000596200011
1910005309270100000647191000530927010000597000011
1910005309270100000648191000530927010000598800011
1910005309270100000649191000530927010000599600011
1910005309270100000650191000530927010000600200011
1910005309270100000660191000530927010000606900011
1910005309270100000661191000530927010000607700011
1910005309270100000667000                   00011
1910005309270100000688191000530927010000610100011
1910005309270100000689191000530927010000611900011
1910005309270100000691191000530927010000612700011
1910005309270100000692191000530927010000613500011
1910005309270100000693191000530927010000614300011
1910005309270100000694191000530927010000615000011
1910005309270100000695191000530927010000616800011
1910005309270100000696191000530927010000617600011
1910005309270100000697191000530927010000618400011
1910005309270100000698191000530927010000619200011
1910005309270100000699191000530927010000620000011
1910005309270100000700191000530927010000621800011
1910005309270100000701191000530927010000622600011
1910005309270100000702191000530927010000623400011
1910005309270100000703191000530927010000624200011
1910005309270100000704191000530927010000625900011
1910005309270100000705191000530927010000626700011
1910005309270100000706191000530927010000627500011
1910005309270100000707191000530927010000628300011
1910005309270100000709191000530927010000629100011
1910005309270100000710191000530927010000630900011
1910005309270100000711191000530927010000631700011
1910005309270100000715191000530927010000633300011
1910005309270100000717191000530927010000634100011
1910005309270100000717191000530927010000638200011
1910005309270100000719191000530927010000637400011
1910005309270100006010191000530927010000066600011
1910005309270200000012191000530927020000002000011
1910005309270200000023191000530927020000033500011
1910005309270200000024191000530927020000034300011
1910005309270200000029191000530927020000039200011
1910005309270200000030191000530927020000040000011
1910005309270200000336191000530927020000298400011
1910005309270200000337191000530927020000299200011
1910005309270200000338191000530927020000300800011
1910005309270200000339191000530927020000301600011
1910005309270200000340191000530927020000302400011
1910005309270200000341191000530927020000303200011
1910005309270200000342191000530927020000304000011
1910005309270200000344191000530927020000305700011
1910005309270200000345191000530927020000306500011
1910005309270200000346191000530927020000307300011
1910005309270200000347191000530927020000308100011
1910005309270200000348191000530927020000309900011
1910005309270200000349191000530927020000310700011
1910005309270200000351191000530927020000311500011
1910005309270200000352191000530927020000312300011
1910005309270200000353191000530927020000313100011
1910005309270200000354191000530927020000314900011
1910005309270200000386191000530927020000343800011
1910005309270200000387191000530927020000344600011
1910005309270200000388191000530927020000345300011
1910005309270200000389191000530927020000346100011
1910005309270200000390191000530927020000347900011
1910005309270200000391191000530927020000348700011
1910005309270200000393191000530927020000349500011
1910005309270200000398191000530927020000352900011
1910005309270200000399191000530927020000353700011
1910005309270300000011191000530927030000002900011
1910005309270300000023191000530927030000033400011
1910005309270300000024191000530927030000034200011
1910005309270300000030191000530927030000039100011
1910005309270300000031191000530927030000040900011
1910005309270300000354191000530927030000313000011
1910005309270300000355191000530927030000314800011
1910005309270300000356191000530927030000315500011
1910005309270300000357191000530927030000316300011
1910005309270300000358191000530927030000317100011
1910005309270300000360191000530927030000318900011
1910005309270300000361191000530927030000319700011
1910005309270300000362191000530927030000320500011
1910005309270300000363191000530927030000321300011
1910005309270300000364191000530927030000322100011
1910005309270300000365191000530927030000323900011
1910005309270300000366191000530927030000324700011
1910005309270300000368191000530927030000325400011
1910005309270300000369191000530927030000326200011
1910005309270300000370191000530927030000327000011
1910005309270300000371191000530927030000328800011
1910005309270300000372191000530927030000329600011
1910005309270300000373191000530927030000330400011
1910005309270300000410191000530927030000363500011
1910005309270300000411191000530927030000364300011
1910005309270300000412191000530927030000365000011
1910005309270300000413191000530927030000366800011
1910005309270300000414191000530927030000367600011
1910005309270300000415191000530927030000368400011
1910005309270300000416191000530927030000369200011
1910005309270300000418191000530927030000370000011
1910005309270300000423191000530927030000373400011
1910005309270300000424191000530927030000374200011
1910005309270300000426191                   00011
1910005309270300000426191000530927030000375900011
1910005309270300000427191000530927030000376700011
1910005309270300000439191000530927030000379100011
1910005309270300000440191000530927030000380900011
1910005309270300000442191000530927030000381700011
1910005309270300000442191000530927030000409600011
1910005309270300000443191000530927030000382500011
1910005309270300000444191000530927030000383300011
1910005309270300000445191000530927030000384100011
1910005309270300000446191000530927030000385800011
1910005309270300000460191000530927030000392400011
1910005309270300000461191000530927030000393200011
1910005309270300000462191000530927030000394000011
1910005309270300000468191000530927030000395700011
1910005309270300000469191000530927030000396500011
1910005309270300000470191000530927030000397300011
1910005309270300000471191000530927030000398100011
1910005309270300000472191000530927030000399900011
1910005309270300000473191000530927030000400500011
1910005309270300000475191000530927030000401300011
1910005309270300000476191000530927030000402100011
1910005309270300000477191000530927030000403900011
1910005309270300000478191000530927030000404700011
1910005309270300000479191000530927030000405400011
1910005309270300000480191000530927030000406200011
1910005310130100000023191000531013010000032100011
1910005310130100000025191000531013010000033900011
1910005310130100000033191000531013010000040400011
1910005310130100000034191000531013010000041200011
1910005310130100000035191000531013010000042000011
1910005310130100000413191000531013010000361400011
1910005310130100000414191000531013010000362200011
1910005310130100000415191000531013010000363000011
1910005310130100000416191000531013010000364800011
1910005310130100000417191000531013010000365500011
1910005310130100000418191000531013010000366300011
1910005310130100000419191000531013010000367100011
1910005310130100000421191000531013010000368900011
1910005310130100000422191000531013010000369700011
1910005310130100000423191000531013010000370500011
1910005310130100000424191000531013010000371300011
1910005310130100000425191000531013010000372100011
1910005310130100000426191000531013010000373900011
1910005310130100000427191000531013010000374700011
1910005310130100000428191000531013010000375400011
1910005310130100000429191000531013010000376200011
1910005310130100000430191000531013010000377000011
1910005310130100000431191000531013010000378800011
1910005310130100000432191000531013010000379600011
1910005310130100000433191000531013010000380400011
1910005310130100000434191000531013010000381200011
1910005310130100000480191000531013010000422400011
1910005310130100000481191000531013010000423200011
1910005310130100000482191000531013010000424000011
1910005310130100000483191000531013010000425700011
1910005310130100000484191000531013010000426500011
1910005310130100000485191000531013010000427300011
1910005310130100000486191000531013010000428100011
1910005310130100000488191000531013010000429900011
1910005310130100000489191000531013010000430700011
1910005310130100000490191000531013010000431500011
1910005310130100000709191000531013010000628600011
1910005310130100000710191000531013010000629400011
1910005310130100000711191000531013010000630200011
1910005310130100000712191000531013010000631000011
1910005310130100000713191000531013010000632800011
1910005310130100000714191000531013010000633600011
1910005310130100000715191000531013010000634400011
1910005310130100000716191000531013010000635100011
1910005310130100000717191000531013010000636900011
1910005310130100000718191000531013010000637700011
1910005310130100000720191000531013010000638500011
1910005310130100000721191000531013010000639300011
1910005310130100000722191000531013010000640100011
1910005310130100000723191000531013010000641900011
1910005310130100000724191000531013010000642700011
1910005310130100000725191000531013010000643500011
1910005310130100000726191000531013010000644300011
1910005310130100000728191000531013010000645000011
1910005310130100000729191000531013010000646800011
1910005310130100000730191000531013010000647600011
1910005310130100000731191000531013010000648400011
1910005310130100000732191000531013010000649200011
1910005310130100000733191000531013010000650000011
1910005310130100000734191000531013010000651800011
1910005310130100000736191000531013010000652600011
1910005310130100000737191000531013010000653400011
1910005310130100000738191000531013010000654200011
1910005310130100000739191000531013010000655900011
1910005310130100000740191000531013010000656700011
1910005310130100000741191000531013010000657500011
1910005310130100000742191000531013010000658300011
1910005310130100000744191000531013010000659100011
1910005310130100000745191000531013010000660900011
1910005310130100000746191000531013010000661700011
1910005310130100000747191000531013010000662500011
1910005310130100000748191000531013010000663300011
1910005310130100000749191000531013010000664100011
1910005310130100000751191000531013010000665800011
1910005310130100000752191000531013010000666600011
1910005310130100000753191000531013010000667400011
1910005310130100000754191000531013010000668200011
1910005310130100000755191000531013010000669000011
1910005310130100000756191000531013010000670800011
1910005310130100000757191000531013010000671600011
1910005310130100000758191000531013010000672400011
1910005310130100000759191000531013010000673200011
1910005310130100000760191000531013010000674000011
1910005310130100000761191000531013010000675700011
1910005310130100000762191000531013010000676500011
1910005310130100000861191000531013010000677300011
1910005310130100000862191000531013010000678100011
1910005310130100000863191000531013010000679900011
1910005310130100000864191000531013010000680700011
1910005310130100000890191000531013010000703700011
1910005310130100000892191000531013010000704500011
1910005310130100000903191000531013010000711000011
1910005310130100000904191000531013010000712800011
1910005310130100000905191000531013010000713600011
1910005310130100000906191000531013010000714400011
1910005310130100000907191000531013010000715100011
1910005310130100000908191000531013010000716900011
1910005310130100000910191000531013010000717700011
1910005310130100000934191000531013010000722700011
1910005310130100000935191000531013010000723500011
1910005310130100000936191000531013010000724300011
1910005310130100000937191000531013010000725000011
1910005310130100000938191000531013010000726800011
1910005310130100000939191000531013010000727600011
1910005310130100000940191000531013010000728400011
1910005310130100000942191000531013010000729200011
1910005310130100000943191000531013010000730000011
1910005310130100000957191000531013010000737500011
1910005310130100000959191000531013010000738300011
1910005310130100000960191000531013010000739100011
1910005310130100000978191000531013010000740900011
1910005310130100000979191000531013010000741700011
1910005310130100000980191000531013010000742500011
1910005310130100000981191000531013010000743300011
1910005310130100000983191000531013010000744100011
1910005310130100000984191000531013010000745800011
1910005310130100000985191000531013010000746600011
1910005310130100000986191000531013010000747400011
1910005310130100000987191000531013010000748200011
1910005310130100000988191000531013010000749000011
1910005310130100000989191000531013010000750800011
1910005310130100000991191000531013010000751600011
1910005310130100000992191000531013010000752400011
1910005310130100000993191000531013010000753200011
1910005310130100000994191000531013010000754000011
1910005310130100000995191000531013010000755700011
1910005310130100000996191000531013010000756500011
1910005310130100000997191000531013010000757300011
1910005310130100000998191000531013010000758100011
1910005310130100000999191000531013010000759900011
1910005310130100001000191000531013010000760700011
1910005310130100001001191000531013010000761500011
1910005310130100001002191000531013010000762300011
1910005310130100001003191000531013010000763100011
1910005310130100001004191000531013010000764900011
1910005310130100001005191000531013010000765600011
1910005310130100001007191000531013010000766400011
1910005310130100001008191000531013010000767200011
1910005310130100001009191000531013010000768000011
1910005310130100001010191000531013010000769800011
1910005310130100001013191000531013010000770600011
1910005310130100001013191000531013010000773000011
1910005310130200000022191000531013020000016300011
1910005310130200000026191000531013020000019700011
1910005310130200000026191000531013020000182300011
1910005310130200000187191000531013020000156700011
1910005310130200000188191000531013020000157500011
1910005310130200000190191000531013020000158300011
1910005310130200000191191000531013020000159100011
1910005310130200000192191000531013020000160900011
1910005310130200000193191000531013020000161700011
1910005310130200000194191000531013020000162500011
1910005310130200000195191000531013020000163300011
1910005310130200000196191000531013020000164100011
1910005310130200000211191000531013020000177300011
1910005310130200000212191000531013020000178100011
1910005310130200000214191000531013020000179900011
1910005310130200000217191000531013020000181500011
1910005310130200000224191000531013020000184900011
1910005310130200000225191000531013020000185600011
1910005310130300000023191000531013030000016200011
1910005310130300000031191000531013030000023800011
1910005310130300000032191000531013030000024600011
1910005310130300000033191000531013030000025300011
1910005310130300000357191000531013030000299400011
1910005310130300000358191000531013030000300000011
1910005310130300000359191000531013030000301800011
1910005310130300000361191000531013030000302600011
1910005310130300000362191000531013030000303400011
1910005310130300000363191000531013030000304200011
1910005310130300000364191000531013030000305900011
1910005310130300000365191000531013030000306700011
1910005310130300000366191000531013030000307500011
1910005310130300000367191000531013030000308300011
1910005310130300000368191000531013030000309100011
1910005310130300000369191000531013030000310900011
1910005310130300000370191000531013030000311700011
1910005310130300000371191000531013030000312500011
1910005310130300000372191000531013030000313300011
1910005310130300000373191000531013030000314100011
1910005310130300000374191000531013030000315800011
1910005310130300000375191000531013030000316600011
1910005310130300000399191000531013030000337200011
1910005310130300000400191000531013030000338000011
1910005310130300000401191000531013030000339800011
1910005310130300000403191000531013030000340600011
1910005310130300000404191000531013030000341400011
1910005310130300000407191000531013030000343000011
1910005310130300000414191000531013030000346300011
1910005310130300000415191000531013030000347100011
